{
  "Atten_adj": [
    {
      "py/tuple": [
        1766,
        [
          [
            0.19936171174049377,
            0.20031027495861053,
            0.20004458725452423,
            0.20029760897159576,
            0.19998584687709808,
            0.7220203280448914,
            0.8577916622161865,
            0.5582649111747742,
            0.6970236301422119,
            0.6598846912384033
          ],
          [
            0.19956843554973602,
            0.20034264028072357,
            0.2003697007894516,
            0.2002948820590973,
            0.1994243562221527,
            0.8577916622161865,
            1.0,
            0.7017080783843994,
            0.8381667733192444,
            0.796595573425293
          ],
          [
            0.19961754977703094,
            0.2002621442079544,
            0.2001294046640396,
            0.20021910965442657,
            0.19977182149887085,
            0.5582649111747742,
            0.7017080783843994,
            0.0,
            0.5354269742965698,
            0.0
          ],
          [
            0.19951236248016357,
            0.20036956667900085,
            0.20036213099956512,
            0.2002238929271698,
            0.19953203201293945,
            0.6970236301422119,
            0.8381667733192444,
            0.5354269742965698,
            0.6759081482887268,
            0.6334699988365173
          ],
          [
            0.19929546117782593,
            0.20046567916870117,
            0.20044293999671936,
            0.20014695823192596,
            0.19964897632598877,
            0.6598846912384033,
            0.796595573425293,
            0.0,
            0.6334699988365173,
            0.5939214825630188
          ]
        ]
      ]
    },
    {
      "py/tuple": [
        21779,
        [
          [
            0.19943958520889282,
            0.20035423338413239,
            0.2000213861465454,
            0.2001943290233612,
            0.1999904364347458,
            0.0,
            0.0,
            0.0,
            0.0,
            0.0
          ],
          [
            0.19965232908725739,
            0.200339213013649,
            0.20038652420043945,
            0.20020049810409546,
            0.1994214951992035,
            0.0,
            0.0,
            0.0,
            0.0,
            0.0
          ],
          [
            0.19971342384815216,
            0.2003093659877777,
            0.20010444521903992,
            0.20010177791118622,
            0.1997709721326828,
            0.0,
            0.0,
            0.0,
            0.0,
            0.0
          ],
          [
            0.19958263635635376,
            0.2004006803035736,
            0.20031912624835968,
            0.20010505616664886,
            0.1995924860239029,
            0.0,
            0.0,
            0.0,
            0.5045368671417236,
            0.0
          ],
          [
            0.19933854043483734,
            0.20040661096572876,
            0.20044296979904175,
            0.20011310279369354,
            0.1996987760066986,
            0.0,
            0.0,
            0.0,
            0.0,
            0.0
          ]
        ]
      ]
    },
    {
      "py/tuple": [
        41795,
        [
          [
            0.1995827704668045,
            0.20035983622074127,
            0.19986149668693542,
            0.20006708800792694,
            0.20012882351875305,
            0.0,
            0.0,
            0.0,
            0.0,
            0.0
          ],
          [
            0.1997442990541458,
            0.20037859678268433,
            0.20013900101184845,
            0.2000819593667984,
            0.19965611398220062,
            0.0,
            0.0,
            0.5044506192207336,
            0.0,
            0.0
          ],
          [
            0.19977547228336334,
            0.20028570294380188,
            0.19991151988506317,
            0.19999393820762634,
            0.20003339648246765,
            0.0,
            0.5044506192207336,
            0.7752991914749146,
            0.0,
            0.5478869080543518
          ],
          [
            0.19965903460979462,
            0.20039533078670502,
            0.2001010924577713,
            0.19999434053897858,
            0.19985027611255646,
            0.0,
            0.0,
            0.0,
            0.0,
            0.0
          ],
          [
            0.199457049369812,
            0.2004937082529068,
            0.20019352436065674,
            0.20001834630966187,
            0.1998373568058014,
            0.0,
            0.0,
            0.5478869080543518,
            0.0,
            0.0
          ]
        ]
      ]
    },
    {
      "py/tuple": [
        61836,
        [
          [
            0.19967792928218842,
            0.20028015971183777,
            0.19984161853790283,
            0.19996117055416107,
            0.20023903250694275,
            0.0,
            0.0,
            0.5261226892471313,
            0.5582122802734375,
            0.5062738060951233
          ],
          [
            0.19982363283634186,
            0.2004668414592743,
            0.2001526802778244,
            0.1999858170747757,
            0.19957101345062256,
            0.0,
            0.0,
            0.5730172395706177,
            0.605634868144989,
            0.5574491024017334
          ],
          [
            0.19988077878952026,
            0.20034508407115936,
            0.1999138742685318,
            0.19987337291240692,
            0.19998694956302643,
            0.5261226892471313,
            0.5730172395706177,
            0.6525360345840454,
            0.6865213513374329,
            0.6306577324867249
          ],
          [
            0.19974148273468018,
            0.20041325688362122,
            0.2000991851091385,
            0.1998903602361679,
            0.1998557448387146,
            0.5582122802734375,
            0.605634868144989,
            0.6865213513374329,
            0.7201277017593384,
            0.6698789596557617
          ],
          [
            0.19950786232948303,
            0.20050378143787384,
            0.20021462440490723,
            0.20002734661102295,
            0.19974637031555176,
            0.5062738060951233,
            0.5574491024017334,
            0.6306577324867249,
            0.6698789596557617,
            0.617224931716919
          ]
        ]
      ]
    },
    {
      "py/tuple": [
        81890,
        [
          [
            0.19979867339134216,
            0.20014871656894684,
            0.20001542568206787,
            0.1999911665916443,
            0.20004600286483765,
            0.7450902462005615,
            0.6615967154502869,
            0.6484100818634033,
            0.5042276978492737,
            0.5706125497817993
          ],
          [
            0.19989073276519775,
            0.20036004483699799,
            0.20034027099609375,
            0.19998255372047424,
            0.19942639768123627,
            0.6615967154502869,
            0.576178789138794,
            0.5628644824028015,
            0.0,
            0.0
          ],
          [
            0.1999959498643875,
            0.20023423433303833,
            0.2000521421432495,
            0.19989489018917084,
            0.1998228132724762,
            0.6484100818634033,
            0.5628644824028015,
            0.5457837581634521,
            0.0,
            0.0
          ],
          [
            0.19980542361736298,
            0.20034904778003693,
            0.20023682713508606,
            0.19992156326770782,
            0.19968707859516144,
            0.5042276978492737,
            0.0,
            0.0,
            0.0,
            0.0
          ],
          [
            0.1995483636856079,
            0.2003966122865677,
            0.20036256313323975,
            0.20009005069732666,
            0.1996023803949356,
            0.5706125497817993,
            0.0,
            0.0,
            0.0,
            0.0
          ]
        ]
      ]
    },
    {
      "py/tuple": [
        101931,
        [
          [
            0.19993288815021515,
            0.20013323426246643,
            0.2001040130853653,
            0.19992130994796753,
            0.19990861415863037,
            0.0,
            0.0,
            0.0,
            0.0,
            0.668279230594635
          ],
          [
            0.1999261975288391,
            0.2002892792224884,
            0.2003888189792633,
            0.19994966685771942,
            0.19944608211517334,
            0.0,
            0.5404015779495239,
            0.0,
            0.5536066889762878,
            0.7423338294029236
          ],
          [
            0.20011039078235626,
            0.2002064287662506,
            0.20009782910346985,
            0.1998254358768463,
            0.19975996017456055,
            0.0,
            0.0,
            0.0,
            0.5065871477127075,
            0.694010317325592
          ],
          [
            0.19992657005786896,
            0.20028044283390045,
            0.2002723217010498,
            0.19984811544418335,
            0.19967256486415863,
            0.0,
            0.5536066889762878,
            0.5065871477127075,
            0.5747826099395752,
            0.7592421770095825
          ],
          [
            0.1996108889579773,
            0.20028695464134216,
            0.2004496157169342,
            0.20012110471725464,
            0.19953139126300812,
            0.668279230594635,
            0.7423338294029236,
            0.694010317325592,
            0.7592421770095825,
            0.9431285262107849
          ]
        ]
      ]
    },
    {
      "py/tuple": [
        121937,
        [
          [
            0.19997215270996094,
            0.20017197728157043,
            0.20004165172576904,
            0.1998114436864853,
            0.2000027745962143,
            0.777155339717865,
            0.7333973050117493,
            0.6280419230461121,
            0.7272787690162659,
            0.6489535570144653
          ],
          [
            0.199918732047081,
            0.20021218061447144,
            0.20028284192085266,
            0.19988198578357697,
            0.19970427453517914,
            0.7333973050117493,
            0.6881802678108215,
            0.5814891457557678,
            0.6799461841583252,
            0.6050556302070618
          ],
          [
            0.20011475682258606,
            0.20019760727882385,
            0.20004722476005554,
            0.19975461065769196,
            0.19988571107387543,
            0.6280419230461121,
            0.5814891457557678,
            0.0,
            0.5776088237762451,
            0.0
          ],
          [
            0.19994282722473145,
            0.2002066969871521,
            0.20024065673351288,
            0.19979672133922577,
            0.19981306791305542,
            0.7272787690162659,
            0.6799461841583252,
            0.5776088237762451,
            0.6691539287567139,
            0.5926457643508911
          ],
          [
            0.19967728853225708,
            0.20016399025917053,
            0.2003832757472992,
            0.20006881654262543,
            0.19970662891864777,
            0.6489535570144653,
            0.6050556302070618,
            0.0,
            0.5926457643508911,
            0.5219910144805908
          ]
        ]
      ]
    },
    {
      "py/tuple": [
        141972,
        [
          [
            0.19997262954711914,
            0.2001839429140091,
            0.1999911218881607,
            0.19980649650096893,
            0.20004580914974213,
            0.0,
            0.6071370244026184,
            0.0,
            0.7800953388214111,
            0.623147189617157
          ],
          [
            0.19994483888149261,
            0.2002004086971283,
            0.2002030462026596,
            0.19984471797943115,
            0.19980692863464355,
            0.6071370244026184,
            0.59537672996521,
            0.0,
            0.0,
            0.514934241771698
          ],
          [
            0.2001180499792099,
            0.20018522441387177,
            0.2000475823879242,
            0.19974444806575775,
            0.1999046355485916,
            0.0,
            0.0,
            0.5858068466186523,
            0.0,
            0.5070632100105286
          ],
          [
            0.1999543160200119,
            0.20018167793750763,
            0.20021338760852814,
            0.19977766275405884,
            0.1998729109764099,
            0.7800953388214111,
            0.0,
            0.0,
            0.0,
            0.5137538313865662
          ],
          [
            0.19965654611587524,
            0.20014522969722748,
            0.2003471404314041,
            0.200034499168396,
            0.1998165398836136,
            0.623147189617157,
            0.514934241771698,
            0.5070632100105286,
            0.5137538313865662,
            0.0
          ]
        ]
      ]
    },
    {
      "py/tuple": [
        161980,
        [
          [
            0.2000117003917694,
            0.20012201368808746,
            0.19999898970127106,
            0.1998070329427719,
            0.20006027817726135,
            0.5048468708992004,
            0.0,
            0.0,
            0.5315629243850708,
            0.0
          ],
          [
            0.19998648762702942,
            0.2001456469297409,
            0.20017895102500916,
            0.19981130957603455,
            0.19987760484218597,
            0.0,
            0.0,
            0.0,
            0.0,
            0.0
          ],
          [
            0.20016643404960632,
            0.2001349925994873,
            0.20006756484508514,
            0.19971118867397308,
            0.19991980493068695,
            0.0,
            0.0,
            0.0,
            0.0,
            0.0
          ],
          [
            0.19999909400939941,
            0.2001323103904724,
            0.20020322501659393,
            0.19975528120994568,
            0.19991008937358856,
            0.5315629243850708,
            0.0,
            0.0,
            0.5508814454078674,
            0.502204954624176
          ],
          [
            0.19972197711467743,
            0.20010489225387573,
            0.20035310089588165,
            0.1999996453523636,
            0.1998203992843628,
            0.0,
            0.0,
            0.0,
            0.502204954624176,
            0.0
          ]
        ]
      ]
    },
    {
      "py/tuple": [
        182010,
        [
          [
            0.19996950030326843,
            0.20008620619773865,
            0.19996215403079987,
            0.19985294342041016,
            0.2001291662454605,
            0.0,
            0.0,
            0.0,
            0.0,
            0.0
          ],
          [
            0.19996802508831024,
            0.20015063881874084,
            0.20013940334320068,
            0.19980193674564362,
            0.19993999600410461,
            0.0,
            0.0,
            0.0,
            0.5059509873390198,
            0.0
          ],
          [
            0.20013020932674408,
            0.20012761652469635,
            0.20006370544433594,
            0.19971734285354614,
            0.1999611258506775,
            0.0,
            0.0,
            0.0,
            0.0,
            0.0
          ],
          [
            0.19993315637111664,
            0.20016996562480927,
            0.20019131898880005,
            0.19976197183132172,
            0.19994360208511353,
            0.0,
            0.5059509873390198,
            0.0,
            0.5514927506446838,
            0.0
          ],
          [
            0.1996636688709259,
            0.20016056299209595,
            0.2003144770860672,
            0.20000675320625305,
            0.1998545378446579,
            0.0,
            0.0,
            0.0,
            0.0,
            0.0
          ]
        ]
      ]
    },
    {
      "py/tuple": [
        202049,
        [
          [
            0.19992877542972565,
            0.20009881258010864,
            0.20001958310604095,
            0.1999019980430603,
            0.20005086064338684,
            0.6434628963470459,
            0.5218724012374878,
            0.5215198397636414,
            0.0,
            0.7066109776496887
          ],
          [
            0.1999092549085617,
            0.2001321166753769,
            0.20015645027160645,
            0.19986428320407867,
            0.19993793964385986,
            0.5218724012374878,
            0.0,
            0.0,
            0.0,
            0.5934945940971375
          ],
          [
            0.20008203387260437,
            0.20013803243637085,
            0.20013518631458282,
            0.19976042211055756,
            0.19988441467285156,
            0.5215198397636414,
            0.0,
            0.0,
            0.0,
            0.5945357084274292
          ],
          [
            0.19989679753780365,
            0.20015472173690796,
            0.20024436712265015,
            0.1998138427734375,
            0.19989024102687836,
            0.0,
            0.0,
            0.0,
            0.0,
            0.0
          ],
          [
            0.1996506303548813,
            0.20020273327827454,
            0.20032554864883423,
            0.20001663267612457,
            0.19980451464653015,
            0.7066109776496887,
            0.5934945940971375,
            0.5945357084274292,
            0.0,
            0.7808125019073486
          ]
        ]
      ]
    },
    {
      "py/tuple": [
        222072,
        [
          [
            0.19987575709819794,
            0.20003311336040497,
            0.2000371664762497,
            0.19996042549610138,
            0.2000935822725296,
            0.8733798861503601,
            0.561012327671051,
            0.6524049639701843,
            0.697658896446228,
            0.6660814881324768
          ],
          [
            0.19986845552921295,
            0.2000335454940796,
            0.20012590289115906,
            0.1999478042125702,
            0.20002424716949463,
            0.561012327671051,
            0.0,
            0.0,
            0.0,
            0.0
          ],
          [
            0.20006181299686432,
            0.2000357061624527,
            0.20013552904129028,
            0.19983075559139252,
            0.19993622601032257,
            0.6524049639701843,
            0.0,
            0.0,
            0.0,
            0.0
          ],
          [
            0.19987072050571442,
            0.2000807225704193,
            0.20027564465999603,
            0.19990554451942444,
            0.1998673379421234,
            0.697658896446228,
            0.0,
            0.0,
            0.5265721678733826,
            0.0
          ],
          [
            0.1996035873889923,
            0.20009857416152954,
            0.20033587515354156,
            0.200110524892807,
            0.19985142350196838,
            0.6660814881324768,
            0.0,
            0.0,
            0.0,
            0.0
          ]
        ]
      ]
    },
    {
      "py/tuple": [
        242104,
        [
          [
            0.1998184621334076,
            0.1999559849500656,
            0.20006461441516876,
            0.20004647970199585,
            0.20011447370052338,
            0.670627772808075,
            0.5699506998062134,
            0.6432945728302002,
            0.5846385955810547,
            0.0
          ],
          [
            0.19981162250041962,
            0.19997800886631012,
            0.2001514583826065,
            0.2000034898519516,
            0.20005539059638977,
            0.5699506998062134,
            0.0,
            0.5450670123100281,
            0.0,
            0.0
          ],
          [
            0.2000352442264557,
            0.1999741643667221,
            0.20020341873168945,
            0.19987401366233826,
            0.1999131143093109,
            0.6432945728302002,
            0.5450670123100281,
            0.614958643913269,
            0.5563291311264038,
            0.0
          ],
          [
            0.19983118772506714,
            0.2000599354505539,
            0.200359508395195,
            0.19995293021202087,
            0.1997964233160019,
            0.5846385955810547,
            0.0,
            0.5563291311264038,
            0.0,
            0.0
          ],
          [
            0.19955407083034515,
            0.20008037984371185,
            0.2003592699766159,
            0.2001589685678482,
            0.1998472809791565,
            0.0,
            0.0,
            0.0,
            0.0,
            0.0
          ]
        ]
      ]
    },
    {
      "py/tuple": [
        262124,
        [
          [
            0.19976729154586792,
            0.1998855322599411,
            0.20013205707073212,
            0.20012569427490234,
            0.20008939504623413,
            0.0,
            0.5771858096122742,
            0.0,
            0.0,
            0.5242182612419128
          ],
          [
            0.19973748922348022,
            0.19988439977169037,
            0.20015524327754974,
            0.20016305148601532,
            0.20005977153778076,
            0.5771858096122742,
            0.7190606594085693,
            0.6219586133956909,
            0.6323326230049133,
            0.6648781895637512
          ],
          [
            0.20001058280467987,
            0.1998860239982605,
            0.20021182298660278,
            0.19999201595783234,
            0.19989949464797974,
            0.0,
            0.6219586133956909,
            0.5227264165878296,
            0.5289278030395508,
            0.5666412711143494
          ],
          [
            0.1998063027858734,
            0.19995376467704773,
            0.20046688616275787,
            0.20010404288768768,
            0.1996689885854721,
            0.0,
            0.6323326230049133,
            0.5289278030395508,
            0.5362903475761414,
            0.5678680539131165
          ],
          [
            0.19951564073562622,
            0.19994327425956726,
            0.20040692389011383,
            0.20032301545143127,
            0.1998111605644226,
            0.5242182612419128,
            0.6648781895637512,
            0.5666412711143494,
            0.5678680539131165,
            0.6042425632476807
          ]
        ]
      ]
    },
    {
      "py/tuple": [
        282133,
        [
          [
            0.19980692863464355,
            0.19979126751422882,
            0.2001519352197647,
            0.20013540983200073,
            0.20011447370052338,
            0.0,
            0.8023319840431213,
            0.0,
            0.7439444661140442,
            0.5144890546798706
          ],
          [
            0.19974270462989807,
            0.19981899857521057,
            0.20010611414909363,
            0.20019860565662384,
            0.2001335769891739,
            0.8023319840431213,
            0.6870430707931519,
            0.6561021208763123,
            0.0,
            0.5309762954711914
          ],
          [
            0.2000502347946167,
            0.19978590309619904,
            0.20018860697746277,
            0.19998154044151306,
            0.19999372959136963,
            0.0,
            0.6561021208763123,
            0.6609295010566711,
            0.0,
            0.5052761435508728
          ],
          [
            0.19984324276447296,
            0.19985118508338928,
            0.2004711925983429,
            0.2000851035118103,
            0.19974933564662933,
            0.7439444661140442,
            0.0,
            0.0,
            0.0,
            0.0
          ],
          [
            0.19958584010601044,
            0.19987250864505768,
            0.20037268102169037,
            0.20029014348983765,
            0.19987884163856506,
            0.5144890546798706,
            0.5309762954711914,
            0.5052761435508728,
            0.0,
            0.7157915234565735
          ]
        ]
      ]
    },
    {
      "py/tuple": [
        302138,
        [
          [
            0.19971689581871033,
            0.19979941844940186,
            0.20012632012367249,
            0.2002314329147339,
            0.20012597739696503,
            0.6196797490119934,
            0.0,
            0.0,
            0.0,
            0.5531142354011536
          ],
          [
            0.1996692717075348,
            0.19984108209609985,
            0.20014086365699768,
            0.20025797188282013,
            0.20009076595306396,
            0.0,
            0.6765162348747253,
            0.0,
            0.0,
            0.5024926066398621
          ],
          [
            0.20001983642578125,
            0.19977498054504395,
            0.20021362602710724,
            0.20003746449947357,
            0.19995412230491638,
            0.0,
            0.0,
            0.6092878580093384,
            0.5699277520179749,
            0.6330209374427795
          ],
          [
            0.1997436285018921,
            0.19983698427677155,
            0.20049123466014862,
            0.2001844197511673,
            0.19974368810653687,
            0.0,
            0.0,
            0.5699277520179749,
            0.7333510518074036,
            0.0
          ],
          [
            0.19949720799922943,
            0.1998807191848755,
            0.20036615431308746,
            0.2003726065158844,
            0.1998833268880844,
            0.5531142354011536,
            0.5024926066398621,
            0.6330209374427795,
            0.0,
            0.6462474465370178
          ]
        ]
      ]
    },
    {
      "py/tuple": [
        322141,
        [
          [
            0.19963999092578888,
            0.19977958500385284,
            0.20021596550941467,
            0.20026570558547974,
            0.20009879767894745,
            0.0,
            0.0,
            0.0,
            0.0,
            0.0
          ],
          [
            0.19963786005973816,
            0.1998438686132431,
            0.20019283890724182,
            0.20028270781040192,
            0.2000427395105362,
            0.0,
            0.0,
            0.0,
            0.0,
            0.0
          ],
          [
            0.1999954730272293,
            0.19974608719348907,
            0.20025193691253662,
            0.20006361603736877,
            0.19994288682937622,
            0.0,
            0.0,
            0.0,
            0.0,
            0.0
          ],
          [
            0.19971345365047455,
            0.1998215913772583,
            0.20050901174545288,
            0.20021826028823853,
            0.19973772764205933,
            0.0,
            0.0,
            0.0,
            0.0,
            0.0
          ],
          [
            0.199483722448349,
            0.19987942278385162,
            0.20035476982593536,
            0.20040196180343628,
            0.19988015294075012,
            0.0,
            0.0,
            0.0,
            0.0,
            0.0
          ]
        ]
      ]
    },
    {
      "py/tuple": [
        342148,
        [
          [
            0.1995580494403839,
            0.1997884213924408,
            0.20020368695259094,
            0.20032447576522827,
            0.20012538135051727,
            0.0,
            0.5583962202072144,
            0.0,
            0.0,
            0.0
          ],
          [
            0.19956126809120178,
            0.19985157251358032,
            0.20019853115081787,
            0.20033082365989685,
            0.2000577747821808,
            0.5583962202072144,
            0.669494092464447,
            0.575496256351471,
            0.5816354155540466,
            0.5934506058692932
          ],
          [
            0.19991210103034973,
            0.19976508617401123,
            0.20021967589855194,
            0.2001211941242218,
            0.1999819129705429,
            0.0,
            0.575496256351471,
            0.0,
            0.0,
            0.0
          ],
          [
            0.19965176284313202,
            0.1998077630996704,
            0.20045946538448334,
            0.2002904862165451,
            0.19979050755500793,
            0.0,
            0.5816354155540466,
            0.0,
            0.0,
            0.0
          ],
          [
            0.19940868020057678,
            0.19987985491752625,
            0.20030510425567627,
            0.2004711925983429,
            0.19993513822555542,
            0.0,
            0.5934506058692932,
            0.0,
            0.0,
            0.5094161033630371
          ]
        ]
      ]
    },
    {
      "py/tuple": [
        362159,
        [
          [
            0.19952939450740814,
            0.19978661835193634,
            0.20023497939109802,
            0.20031893253326416,
            0.20013006031513214,
            0.6926130652427673,
            0.6964442133903503,
            0.6086717247962952,
            0.5924161076545715,
            0.6158168911933899
          ],
          [
            0.19950619339942932,
            0.19987480342388153,
            0.2001979947090149,
            0.2003457099199295,
            0.20007532835006714,
            0.6964442133903503,
            0.6986455917358398,
            0.6096498966217041,
            0.5940573215484619,
            0.6223841309547424
          ],
          [
            0.19986668229103088,
            0.19977396726608276,
            0.20022615790367126,
            0.20012713968753815,
            0.20000599324703217,
            0.6086717247962952,
            0.6096498966217041,
            0.5263597965240479,
            0.506128191947937,
            0.5307781100273132
          ],
          [
            0.19959202408790588,
            0.19983364641666412,
            0.20043854415416718,
            0.20029230415821075,
            0.19984346628189087,
            0.5924161076545715,
            0.5940573215484619,
            0.506128191947937,
            0.0,
            0.5181530714035034
          ],
          [
            0.199369415640831,
            0.1999100148677826,
            0.20029078423976898,
            0.20046724379062653,
            0.1999625414609909,
            0.6158168911933899,
            0.6223841309547424,
            0.5307781100273132,
            0.5181530714035034,
            0.541247546672821
          ]
        ]
      ]
    },
    {
      "py/tuple": [
        382201,
        [
          [
            0.1995536834001541,
            0.1998136043548584,
            0.20021696388721466,
            0.20028768479824066,
            0.20012809336185455,
            0.0,
            0.0,
            0.0,
            0.0,
            0.0
          ],
          [
            0.19952981173992157,
            0.19990548491477966,
            0.20017749071121216,
            0.20029112696647644,
            0.20009613037109375,
            0.0,
            0.0,
            0.5341020822525024,
            0.0,
            0.5901216864585876
          ],
          [
            0.19985780119895935,
            0.1997774839401245,
            0.2002263218164444,
            0.20011335611343384,
            0.20002508163452148,
            0.0,
            0.5341020822525024,
            0.5880448222160339,
            0.0,
            0.6413358449935913
          ],
          [
            0.1996106207370758,
            0.1998729109764099,
            0.20036473870277405,
            0.20024792850017548,
            0.19990387558937073,
            0.0,
            0.0,
            0.0,
            0.0,
            0.0
          ],
          [
            0.1994093507528305,
            0.19994452595710754,
            0.2002497911453247,
            0.2004006803035736,
            0.19999563694000244,
            0.0,
            0.5901216864585876,
            0.6413358449935913,
            0.0,
            0.698627769947052
          ]
        ]
      ]
    },
    {
      "py/tuple": [
        402256,
        [
          [
            0.1995609849691391,
            0.199893057346344,
            0.20021529495716095,
            0.20029804110527039,
            0.20003260672092438,
            0.6622115969657898,
            0.0,
            0.6186895370483398,
            0.5482710599899292,
            0.5827653408050537
          ],
          [
            0.19949272274971008,
            0.1999630182981491,
            0.20026205480098724,
            0.2003040760755539,
            0.19997815787792206,
            0.0,
            0.0,
            0.0,
            0.0,
            0.0
          ],
          [
            0.19983452558517456,
            0.1998368203639984,
            0.20024140179157257,
            0.20011329650878906,
            0.1999739706516266,
            0.6186895370483398,
            0.0,
            0.5741111040115356,
            0.5074096918106079,
            0.5416117310523987
          ],
          [
            0.1996045708656311,
            0.1999124139547348,
            0.20039139688014984,
            0.20023751258850098,
            0.19985416531562805,
            0.5482710599899292,
            0.0,
            0.5074096918106079,
            0.0,
            0.0
          ],
          [
            0.1994151473045349,
            0.1999875158071518,
            0.20027975738048553,
            0.20038262009620667,
            0.19993498921394348,
            0.5827653408050537,
            0.0,
            0.5416117310523987,
            0.0,
            0.5068509578704834
          ]
        ]
      ]
    },
    {
      "py/tuple": [
        422285,
        [
          [
            0.19963756203651428,
            0.19989390671253204,
            0.20018863677978516,
            0.2003064900636673,
            0.19997338950634003,
            0.5014890432357788,
            0.0,
            0.5291338562965393,
            0.5646044015884399,
            0.0
          ],
          [
            0.19955196976661682,
            0.1999496966600418,
            0.20017896592617035,
            0.2003261297941208,
            0.19999326765537262,
            0.0,
            0.0,
            0.0,
            0.0,
            0.0
          ],
          [
            0.19988223910331726,
            0.19982299208641052,
            0.20018360018730164,
            0.2001269906759262,
            0.19998422265052795,
            0.5291338562965393,
            0.0,
            0.5522605776786804,
            0.5932364463806152,
            0.0
          ],
          [
            0.19967955350875854,
            0.19986678659915924,
            0.20034067332744598,
            0.2002529352903366,
            0.19986003637313843,
            0.5646044015884399,
            0.0,
            0.5932364463806152,
            0.6384774446487427,
            0.0
          ],
          [
            0.19948798418045044,
            0.19994284212589264,
            0.2002478390932083,
            0.2003873884677887,
            0.1999339610338211,
            0.0,
            0.0,
            0.0,
            0.0,
            0.0
          ]
        ]
      ]
    },
    {
      "py/tuple": [
        442337,
        [
          [
            0.1996157169342041,
            0.19992898404598236,
            0.2001856416463852,
            0.20030395686626434,
            0.1999657303094864,
            0.5393818020820618,
            0.0,
            0.5500503778457642,
            0.7149874567985535,
            0.0
          ],
          [
            0.1995743215084076,
            0.19998715817928314,
            0.2001958191394806,
            0.20030100643634796,
            0.1999416947364807,
            0.0,
            0.0,
            0.0,
            0.0,
            0.0
          ],
          [
            0.1998281478881836,
            0.19983771443367004,
            0.20021148025989532,
            0.20013990998268127,
            0.19998279213905334,
            0.5500503778457642,
            0.0,
            0.5634893774986267,
            0.7245040535926819,
            0.0
          ],
          [
            0.19967450201511383,
            0.1999322921037674,
            0.2003209888935089,
            0.20024092495441437,
            0.1998312622308731,
            0.7149874567985535,
            0.0,
            0.7245040535926819,
            0.8885498642921448,
            0.6164664030075073
          ],
          [
            0.19945572316646576,
            0.20002992451190948,
            0.20022235810756683,
            0.20038649439811707,
            0.19990554451942444,
            0.0,
            0.0,
            0.0,
            0.6164664030075073,
            0.0
          ]
        ]
      ]
    },
    {
      "py/tuple": [
        462375,
        [
          [
            0.1996387541294098,
            0.19990801811218262,
            0.2001509964466095,
            0.20029489696025848,
            0.20000731945037842,
            0.7709558010101318,
            0.7012749314308167,
            0.6326824426651001,
            0.7508659958839417,
            0.7115333676338196
          ],
          [
            0.1995653510093689,
            0.19997769594192505,
            0.2001516968011856,
            0.2003312110900879,
            0.19997400045394897,
            0.7012749314308167,
            0.6281019449234009,
            0.5626476407051086,
            0.6770164370536804,
            0.6383004188537598
          ],
          [
            0.19983385503292084,
            0.19984637200832367,
            0.2001604586839676,
            0.20014101266860962,
            0.2000182420015335,
            0.6326824426651001,
            0.5626476407051086,
            0.0,
            0.6096555590629578,
            0.5706205368041992
          ],
          [
            0.19971594214439392,
            0.1998961865901947,
            0.20026463270187378,
            0.20024965703487396,
            0.19987359642982483,
            0.7508659958839417,
            0.6770164370536804,
            0.6096555590629578,
            0.7249600291252136,
            0.6914318203926086
          ],
          [
            0.19946354627609253,
            0.20001429319381714,
            0.20018590986728668,
            0.20040185749530792,
            0.19993439316749573,
            0.7115333676338196,
            0.6383004188537598,
            0.5706205368041992,
            0.6914318203926086,
            0.6477614641189575
          ]
        ]
      ]
    },
    {
      "py/tuple": [
        482386,
        [
          [
            0.19967402517795563,
            0.19987282156944275,
            0.20014041662216187,
            0.20022527873516083,
            0.20008744299411774,
            0.542621374130249,
            0.0,
            0.0,
            0.0,
            0.5547466278076172
          ],
          [
            0.1995946317911148,
            0.19992919266223907,
            0.20010918378829956,
            0.20025955140590668,
            0.2001074105501175,
            0.0,
            0.0,
            0.0,
            0.0,
            0.0
          ],
          [
            0.1998455673456192,
            0.1998414844274521,
            0.20012106001377106,
            0.20010635256767273,
            0.2000855803489685,
            0.0,
            0.0,
            0.0,
            0.0,
            0.0
          ],
          [
            0.1997631937265396,
            0.19984999299049377,
